djibouti38
6786
0.07 seg.
0 9 13 20 28 29 31 34 36 37 32 33 35 30 26 27 23 21 19 22 24 25 14 12 18 17 16 15 11 10 8 7 6 5 4 2 3 1  
fim experimento ---
western_sahara29
32174
0.03 seg.
0 9 10 11 12 13 16 17 18 21 22 20 28 27 25 19 15 24 26 23 14 8 6 2 7 3 4 5 1  
fim experimento ---
qatar194
11759
6.91 seg.
0 19 64 84 85 97 89 93 98 100 103 110 88 81 79 86 75 74 77 71 73 68 59 56 44 28 21 27 32 17 20 23 25 16 13 10 12 22 24 70 61 58 35 62 15 7 5 3 1 2 4 8 9 11 14 18 29 31 34 41 43 45 47 52 51 53 48 54 49 40 37 39 42 55 57 46 50 38 33 30 26 36 60 66 65 72 67 63 69 76 78 80 82 87 91 94 95 92 96 104 105 106 107 109 111 114 115 116 120 119 127 122 123 132 134 128 130 135 147 142 154 150 146 151 152 149 143 153 156 140 138 137 141 145 148 144 139 136 133 131 126 124 125 113 112 108 101 102 90 83 99 117 121 118 129 155 160 162 163 168 171 178 173 172 174 183 180 176 177 179 169 166 161 157 158 164 167 170 165 159 184 192 187 190 188 191 189 186 185 182 181 175 193 6  
fim experimento ---
uruguay734
95430
352.77 seg.
0 1 4 6 3 7 9 14 11 12 13 8 19 41 48 54 59 68 91 97 82 94 99 120 123 122 119 125 142 146 150 139 141 136 130 118 111 106 89 88 69 61 64 70 103 112 107 133 131 124 160 162 167 166 177 175 159 155 156 178 219 226 230 223 238 242 250 234 232 229 206 198 185 199 158 149 154 138 129 116 113 110 87 60 58 56 51 47 36 34 32 29 31 63 81 96 95 98 102 86 77 93 100 101 115 127 128 140 144 147 151 176 172 201 210 216 217 222 224 218 231 237 254 258 287 286 289 285 282 274 257 253 249 227 221 213 187 184 192 196 205 215 171 163 157 143 135 197 200 182 193 173 152 153 145 137 121 105 134 148 165 174 188 202 225 240 263 275 259 272 303 343 358 362 372 405 404 416 429 432 430 436 456 476 486 501 504 490 483 505 520 524 549 560 586 597 625 635 634 638 647 655 669 679 683 688 672 676 668 656 659 673 681 689 698 697 699 702 706 713 716 726 731 732 728 727 729 730 718 717 712 709 700 694 695 704 708 707 703 719 720 714 696 690 686 657 654 645 644 643 650 665 671 677 684 687 701 705 710 721 715 724 725 685 680 653 637 624 626 627 628 604 608 605 598 591 614 618 623 615 609 603 587 585 606 576 580 561 570 577 599 600 610 583 578 574 588 579 611 616 620 589 566 601 629 612 621 617 631 584 575 557 558 550 542 538 526 517 508 512 518 521 519 514 500 480 472 482 471 454 459 442 425 461 453 464 469 479 484 492 507 498 497 478 493 499 489 503 511 516 525 535 522 571 590 613 622 632 543 475 448 462 420 378 356 325 324 321 336 337 347 352 373 383 386 371 400 394 380 364 351 330 311 293 305 264 260 251 235 233 204 267 271 279 304 300 329 335 339 331 363 367 391 389 410 423 446 445 447 450 438 437 421 415 409 417 407 441 435 457 474 485 506 529 537 532 533 540 551 572 630 639 642 662 658 649 663 664 670 641 636 563 547 510 502 487 491 488 513 556 559 555 541 534 536 452 458 418 374 411 401 313 270 247 241 239 228 208 212 181 180 191 183 195 186 194 190 179 164 161 168 169 170 211 214 262 269 261 268 294 295 316 312 288 280 255 245 246 256 236 252 244 265 291 342 334 345 344 338 327 328 320 323 315 297 290 309 322 333 341 350 340 354 385 413 412 422 431 433 449 509 528 562 573 619 646 648 661 675 674 682 693 678 667 660 640 602 595 568 581 596 582 652 692 723 722 733 711 691 651 633 565 523 531 546 553 527 495 473 468 470 444 427 428 419 408 388 375 376 379 382 346 332 310 298 307 319 306 281 302 314 326 318 308 317 296 292 284 277 278 248 220 209 203 301 357 360 387 392 395 396 406 397 384 402 414 439 451 463 460 467 466 494 548 544 545 552 564 593 607 592 594 539 530 515 481 465 455 443 424 403 393 390 398 381 366 365 361 348 353 349 355 426 440 567 666 569 554 496 477 434 399 377 369 368 359 299 283 273 243 266 276 370 207 189 104 72 71 73 74 75 67 66 62 53 52 55 49 43 40 65 39 38 42 50 37 30 28 22 23 25 27 33 18 16 20 24 21 17 15 26 46 45 44 35 76 83 84 78 79 80 90 85 114 126 132 117 109 108 92 57 10 5 2  
fim experimento ---
